x=0:0.1:4;
y=1:0.1:5;